667	.0000363
668	.0000364
669	.0000369
670	.0000371
671	.0000372
672	.0000373
673	.0000373
674	.0000376
675	.000038
676	.0000383
677	.0000383
678	.0000385
679	.0000389
680	.0000391
681	.0000394
682	.0000393
683	.0000397
684	.0000401
685	.0000404
686	.0000406
687	.000041
688	.0000416
689	.0000419
690	.0000433
691	.0000441
692	.0000447
693	.0000453
694	.0000462
695	.000047
696	.000048
697	.0000489
698	.0000499
699	.000051
700	.0000522
701	.0000534
702	.0000545
703	.0000559
704	.0000574
705	.0000588
706	.0000604
707	.000062
708	.0000637
709	.0000656
710	.0000676
711	.0000702
712	.0000727
713	.0000757
714	.0000787
715	.000082
716	.0000856
717	.0000892
718	.000093
719	.0000972
720	.0000992
721	.0001012
722	.0001054
723	.0001099
724	.0001147
725	.0001192
726	.0001244
727	.0001302
728	.0001377
729	.0001441
730	.0001534
731	.0001626
732	.0001718
733	.0001809
734	.0001914
735	.0001978
736	.0002042
737	.0002066
738	.000209
739	.0002141
740	.0002164
741	.0002188
742	.0002198
743	.0002208
744	.0002219
745	.0002216
746	.0002226
747	.0002223
748	.0002233
749	.000223
750	.0002227
751	.0002237
752	.0002234
753	.0002244
754	.0002241
755	.0002251
756	.0002249
757	.0002245
758	.0002242
759	.0002239
760	.0002236
761	.0002246
762	.0002243
763	.0002241
764	.0002238
765	.0002234
766	.0002232
767	.0002216
768	.0002213
769	.000221
770	.0002207
771	.0002198
772	.0002189
773	.0002173
774	.000217
775	.0002155
776	.0002152
777	.0002143
778	.0002134
779	.0002119
780	.0002103
781	.0002076
782	.0002067
783	.0002058
784	.0002043
785	.0002027
786	.0002
787	.0001972
788	.0001963
789	.0001954
790	.0001928
791	.0001913
792	.0001886
793	.0001871
794	.0001856
795	.0001841
796	.0001827
797	.0001812
798	.0001797
799	.0001782
800	.0001756
801	.0001754
802	.0001745
803	.0001737
804	.0001723
805	.0001721
806	.0001719
807	.0001717
808	.0001702
809	.0001712
810	.000171
811	.0001714
812	.0001718
813	.0001728
814	.0001738
815	.0001748
816	.0001757
817	.0001779
818	.0001801
819	.0001811
820	.0001821
821	.0001867
822	.0001912
823	.000194
824	.0001967
825	.0002048
826	.0002165
827	.0002222
828	.0002278
829	.0002429
830	.0002503
831	.0002578
832	.0002704
833	.0002819
834	.0002857
835	.0002894
836	.0002962
837	.0002988
838	.0003013
839	.0003056
840	.0003088
841	.0003108
842	.0003128
843	.0003159
844	.0003172
845	.0003186
846	.0003217
847	.0003231
848	.0003244
849	.0003287
850	.0003283
851	.0003302
852	.0003321
853	.000334
854	.0003353
855	.0003367
856	.0003409
857	.0003416
858	.0003424
859	.0003466
860	.0003479
861	.0003492
862	.0003522
863	.0003541
864	.0003559
865	.0003601
866	.0003642
867	.000366
868	.0003679
869	.0003697
870	.0003716
871	.0003779
872	.0003803
873	.0003827
874	.0003878
875	.0003913
876	.0003948
877	.0003999
878	.0004034
879	.0004069
880	.0004143
881	.0004177
882	.0004211
883	.0004273
884	.0004313
885	.0004352
886	.0004386
887	.000442
888	.0004492
889	.0004526
890	.0004559
891	.0004632
892	.0004665
893	.0004699
894	.0004732
895	.0004765
896	.0004836
897	.0004869
898	.0004902
899	.0004973
900	.0005011
901	.0005049
902	.0005131
903	.0005174
904	.0005217
905	.0005255
906	.0005293
907	.0005395
908	.0005449
909	.0005502
910	.0005561
911	.000562
912	.0005753
913	.0005833
914	.0005913
915	.0006003
916	.0006093
917	.0006322
918	.0006449
919	.0006576
920	.0006729
921	.0006882
922	.0007247
923	.0007463
924	.0007678
925	.0007914
926	.000815
927	.0008427
928	.0008704
929	.000934
930	.0009678
931	.0010016
932	.0010379
933	.0010743
934	.0011099
935	.0011456
936	.0012178
937	.0012689
938	.00132
939	.0013708
940	.0014217
941	.0015351
942	.0015908
943	.0016465
944	.0017175
945	.0017885
946	.0018593
947	.0019301
948	.0020212
949	.0021124
950	.0023273
951	.0024436
952	.0025599
953	.0026963
954	.0028327
955	.0029531
956	.0030734
957	.0031728
958	.0032722
959	.0033506
960	.0034291
961	.0035483
962	.0035854
963	.0036226
964	.0036494
965	.0036761
966	.0036978
967	.0037194
968	.0037307
969	.0037421
970	.0037534
971	.0037647
972	.003776
973	.0037873
974	.0038036
975	.0038047
976	.0038059
977	.003802
978	.003798
979	.0037842
980	.0037703
981	.0037564
982	.0037426
983	.0037238
984	.003705
985	.0036813
986	.0036576
987	.0036291
988	.0036005
989	.003572
990	.0035436
991	.0035053
992	.0034671
993	.0034389
994	.0034107
995	.0033728
996	.0033348
997	.003297
998	.0032592
999	.0032215
1000	.0031839
1001	.0031415
1002	.0030991
1003	.0030617
1004	.0030243
1005	.0029823
1006	.0029402
1007	.0028934
1008	.0028467
1009	.0028001
1010	.0027535
1011	.002707
1012	.0026606
1013	.0026192
1014	.0025778
1015	.0025366
1016	.0024954
1017	.0024543
1018	.0024132
1019	.0023627
1020	.0023122
1021	.0022666
1022	.0022211
1023	.0021757
1024	.0021304
1025	.00209
1026	.0020497
1027	.0020046
1028	.0019596
1029	.0019148
1030	.0018699
1031	.0018459
1032	.0018219
1033	.0017979
1034	.0017582
1035	.0017185
1036	.0016836
1037	.0016488
1038	.0016141
1039	.0015794
1040	.0015496
1041	.0015198
1042	.0014901
1043	.0014603
1044	.0014402
1045	.00142
1046	.0013998
1047	.0013703
1048	.0013408
1049	.0013209
1050	.0013009
1051	.0012809
1052	.001261
1053	.0012411
1054	.0012213
1055	.0012109
1056	.0012004
1057	.00119
1058	.0011796
1059	.0011692
1060	.0011542
1061	.0011392
1062	.0011335
1063	.0011278
1064	.0011236
1065	.0011195
1066	.0011154
1067	.0011097
1068	.0011041
1069	.001103
1070	.001102
1071	.001101
1072	.0011
1073	.001099
1074	.0011025
1075	.001106
1076	.0011141
1077	.0011223
1078	.0011243
1079	.0011262
1080	.0011282
1081	.0011408
1082	.0011534
1083	.0011704
1084	.0011875
1085	.0011985
1086	.0012094
1087	.0012204
1088	.0012373
1089	.0012543
1090	.0012756
1091	.001297
1092	.0013108
1093	.0013246
1094	.0013383
1095	.001364
1096	.0013897
1097	.0014242
1098	.0014588
1099	.0014753
1100	.0014918
1101	.0015084
1102	.0015382
1103	.001568
1104	.0015873
1105	.0016066
1106	.001626
1107	.0016599
1108	.0016939
1109	.001716
1110	.0017381
1111	.0017602
1112	.0017939
1113	.0018276
1114	.0018318
1115	.0018361
1116	.0018403
1117	.0018782
1118	.0019161
1119	.0019495
1120	.0019828
1121	.0020162
1122	.0020713
1123	.0021264
1124	.002171
1125	.0022157
1126	.0022603
1127	.0023672
1128	.0024741
1129	.0025704
1130	.0026667
1131	.002763
1132	.00296
1133	.003157
1134	.003333
1135	.003509
1136	.003685
1137	.003909
1138	.004133
1139	.0043569
1140	.0047278
1141	.0050986
1142	.0053633
1143	.005628
1144	.0058926
1145	.0063077
1146	.0067227
1147	.0069563
1148	.00719
1149	.0074236
1150	.0076617
1151	.0078997
1152	.0081378
1153	.0083692
1154	.0086006
1155	.0087064
1156	.0088122
1157	.008918
1158	.0089951
1159	.0090721
1160	.0091491
1161	.0092258
1162	.0093026
1163	.0093227
1164	.0093428
1165	.0093629
1166	.0093829
1167	.009403
1168	.009423
1169	.0094429
1170	.0094629
1171	.0094828
1172	.0095585
1173	.0096342
1174	.009626
1175	.0096178
1176	.0096096
1177	.0096292
1178	.0096489
1179	.0096685
1180	.0096881
1181	.0097076
1182	.0097271
1183	.0097604
1184	.0097937
1185	.009813
1186	.0098323
1187	.0098517
1188	.0098709
1189	.0098902
1190	.0099095
1191	.0099286
1192	.0099477
1193	.0099669
1194	.0099859
1195	.010005
1196	.010024
1197	.010015
1198	.010007
1199	.009999
1200	.0099497
1201	.0099005
1202	.0099195
1203	.0099385
1204	.0099575
1205	.0099221
1206	.0098867
1207	.0098513
1208	.0098432
1209	.009835
1210	.0098269
1211	.0097918
1212	.0097567
1213	.0097216
1214	.0097136
1215	.0097055
1216	.0096975
1217	.0096358
1218	.0095741
1219	.0095124
1220	.0095047
1221	.0094969
1222	.0094891
1223	.0094547
1224	.0094202
1225	.0093857
1226	.009378
1227	.0093704
1228	.0093627
1229	.0093285
1230	.0092943
1231	.0092601
1232	.0092261
1233	.009192
1234	.009158
1235	.0091241
1236	.0090902
1237	.0090563
1238	.009049
1239	.0090417
1240	.0090344
1241	.0090008
1242	.0089672
1243	.0089335
1244	.0089001
1245	.0088666
1246	.0088331
1247	.0088064
1248	.0087797
1249	.0087529
1250	.0087262
1251	.0086931
1252	.00866
1253	.0086269
1254	.00862
1255	.0086132
1256	.0086063
1257	.0085995
1258	.0085927
1259	.0085859
1260	.0085531
1261	.0085203
1262	.0084876
1263	.0084808
1264	.0084741
1265	.0084674
1266	.0084607
1267	.008454
1268	.0084474
1269	.0084407
1270	.0084598
1271	.0084789
1272	.008498
1273	.0085428
1274	.0085875
1275	.0086322
1276	.0086511
1277	.00867
1278	.0086888
1279	.0087396
1280	.0087903
1281	.008841
1282	.0088917
1283	.0089612
1284	.0090308
1285	.0091003
1286	.0091441
1287	.009188
1288	.0092318
1289	.0093007
1290	.0093696
1291	.0094385
1292	.0095074
1293	.0096013
1294	.0096951
1295	.0097889
1296	.0099075
1297	.010026
1298	.010144
1299	.01025
1300	.010355
1301	.010461
1302	.010566
1303	.010734
1304	.010901
1305	.011069
1306	.011261
1307	.011453
1308	.011645
1309	.011823
1310	.012001
1311	.01218
1312	.012358
1313	.012598
1314	.012837
1315	.013077
1316	.013309
1317	.013542
1318	.013774
1319	.014006
1320	.014318
1321	.014629
1322	.014941
1323	.015207
1324	.015474
1325	.015741
1326	.016007
1327	.016414
1328	.016821
1329	.017228
1330	.017528
1331	.017829
1332	.018129
1333	.01843
1334	.018906
1335	.019383
1336	.019859
1337	.020174
1338	.02049
1339	.020805
1340	.02112
1341	.021488
1342	.021856
1343	.022224
1344	.022593
1345	.023135
1346	.023678
1347	.02422
1348	.024493
1349	.024766
1350	.025039
1351	.025312
1352	.02562
1353	.025928
1354	.026235
1355	.026543
1356	.026958
1357	.027372
1358	.027787
1359	.028127
1360	.028468
1361	.028808
1362	.029148
1363	.029595
1364	.030041
1365	.030487
1366	.030933
1367	.031629
1368	.032324
1369	.033019
1370	.033836
1371	.034653
1372	.03547
1373	.036287
1374	.037349
1375	.038411
1376	.039473
1377	.040535
1378	.042106
1379	.043678
1380	.04525
1381	.046821
1382	.0492
1383	.051579
1384	.053957
1385	.056336
1386	.060449
1387	.064562
1388	.068675
1389	.073037
1390	.0774
1391	.081763
1392	.086126
1393	.091872
1394	.097618
1395	.10336
1396	.1091
1397	.11499
1398	.12088
1399	.12677
1400	.13266
1401	.13799
1402	.14332
1403	.14865
1404	.15398
1405	.1591
1406	.16423
1407	.16935
1408	.17448
1409	.17905
1410	.18363
1411	.1882
1412	.19278
1413	.19611
1414	.19944
1415	.20278
1416	.20611
1417	.20873
1418	.21136
1419	.21398
1420	.2166
1421	.21938
1422	.22216
1423	.22494
1424	.22773
1425	.22997
1426	.23222
1427	.23447
1428	.23672
1429	.23827
1430	.23982
1431	.24137
1432	.24292
1433	.24439
1434	.24587
1435	.24734
1436	.24881
1437	.25028
1438	.25079
1439	.2513
1440	.25181
1441	.25232
1442	.25282
1443	.25333
1444	.25383
1445	.25434
1446	.25467
1447	.255
1448	.25534
1449	.25567
1450	.25583
1451	.256
1452	.25616
1453	.25632
1454	.25614
1455	.25597
1456	.25579
1457	.25562
1458	.25517
1459	.25473
1460	.25429
1461	.25384
1462	.2534
1463	.25172
1464	.25004
1465	.24835
1466	.24667
1467	.24483
1468	.243
1469	.24116
1470	.23932
1471	.23749
1472	.23566
1473	.23383
1474	.232
1475	.22972
1476	.22743
1477	.22515
1478	.22287
1479	.22059
1480	.21858
1481	.21658
1482	.21458
1483	.21257
1484	.21057
1485	.20828
1486	.206
1487	.20371
1488	.20142
1489	.19816
1490	.19489
1491	.19163
1492	.18837
1493	.18653
1494	.1847
1495	.18287
1496	.18104
1497	.1792
1498	.17663
1499	.17405
1500	.17148
1501	.16891
1502	.1671
1503	.16529
1504	.16348
1505	.16167
1506	.15986
1507	.15748
1508	.15509
1509	.15271
1510	.15033
1511	.14854
1512	.14676
1513	.14497
1514	.14318
1515	.1414
1516	.13936
1517	.13733
1518	.1353
1519	.13326
1520	.13176
1521	.13025
1522	.12875
1523	.12724
1524	.12573
1525	.12462
1526	.12351
1527	.1224
1528	.12129
1529	.12018
1530	.11866
1531	.11714
1532	.11562
1533	.1141
1534	.11287
1535	.11165
1536	.11042
1537	.1092
1538	.10798
1539	.10638
1540	.10478
1541	.10318
1542	.10158
1543	.099988
1544	.099035
1545	.098081
1546	.097128
1547	.096175
1548	.095222
1549	.09421
1550	.093199
1551	.092188
1552	.091177
1553	.090109
1554	.08904
1555	.087972
1556	.086903
1557	.085835
1558	.085025
1559	.084215
1560	.083405
1561	.082595
1562	.081786
1563	.080981
1564	.080176
1565	.079371
1566	.078567
1567	.077762
1568	.077087
1569	.076413
1570	.075738
1571	.075064
1572	.074389
1573	.073843
1574	.073298
1575	.072752
1576	.072206
1577	.071661
1578	.071118
1579	.070576
1580	.070034
1581	.069492
1582	.068949
1583	.068411
1584	.067872
1585	.067333
1586	.066794
1587	.066255
1588	.06572
1589	.065184
1590	.064649
1591	.064114
1592	.063578
1593	.063169
1594	.06276
1595	.062351
1596	.061942
1597	.061533
1598	.061127
1599	.06072
1600	.060314
1601	.059907
1602	.059501
1603	.059146
1604	.058791
1605	.058436
1606	.058081
1607	.057726
1608	.057434
1609	.057142
1610	.05685
1611	.056558
1612	.056266
1613	.055999
1614	.055731
1615	.055464
1616	.055196
1617	.054929
1618	.054661
1619	.054373
1620	.054085
1621	.053797
1622	.053509
1623	.053221
1624	.052995
1625	.052769
1626	.052543
1627	.052318
1628	.052092
1629	.051869
1630	.051647
1631	.051425
1632	.051202
1633	.05098
1634	.050758
1635	.050582
1636	.050406
1637	.050231
1638	.050055
1639	.049879
1640	.049704
1641	.049531
1642	.049359
1643	.049187
1644	.049015
1645	.048876
1646	.048737
1647	.048598
1648	.048459
1649	.04832
1650	.048181
1651	.04801
1652	.047838
1653	.047666
1654	.047495
1655	.047323
1656	.047235
1657	.047148
1658	.04706
1659	.046972
1660	.046885
1661	.046797
1662	.046698
1663	.046599
1664	.046501
1665	.046402
1666	.046303
1667	.046246
1668	.046189
1669	.046132
1670	.046074
1671	.046017
1672	.04596
1673	.045898
1674	.045835
1675	.045773
1676	.04571
1677	.045647
1678	.04565
1679	.045652
1680	.045654
1681	.045656
1682	.045658
1683	.04566
1684	.045652
1685	.045645
1686	.045637
1687	.045629
1688	.045622
1689	.045614
1690	.045769
1691	.0458
1692	.04583
1693	.04586
1694	.04589
1695	.04592
1696	.04595
1697	.04598
1698	.04601
1699	.04604
1700	.04607
1701	.046111
1702	.046151
1703	.046191
1704	.046231
1705	.046271
1706	.046312
1707	.046486
1708	.046661
1709	.046836
1710	.04701
1711	.047133
1712	.047255
1713	.047378
1714	.0475
1715	.047623
1716	.047745
1717	.047868
1718	.04799
1719	.048171
1720	.048352
1721	.048534
1722	.048715
1723	.048896
1724	.049077
1725	.049295
1726	.049513
1727	.04973
1728	.049948
1729	.050166
1730	.050384
1731	.050547
1732	.050711
1733	.050875
1734	.051039
1735	.051202
1736	.051366
1737	.05153
1738	.051694
1739	.051857
1740	.052021
1741	.05306
1742	.054098
1743	.054545
1744	.054992
1745	.055439
1746	.055886
1747	.056333
1748	.05678
1749	.057214
1750	.057649
1751	.058083
1752	.058518
1753	.058952
1754	.059387
1755	.059818
1756	.06025
1757	.060681
1758	.061113
1759	.061544
1760	.061976
1761	.062344
1762	.062713
1763	.063081
1764	.06345
1765	.063818
1766	.064187
1767	.064555
1768	.064924
1769	.065292
1770	.065661
1771	.066498
1772	.067335
1773	.068173
1774	.068503
1775	.068833
1776	.069162
1777	.069492
1778	.069822
1779	.070152
1780	.070388
1781	.070624
1782	.07086
1783	.071096
1784	.071332
1785	.071568
1786	.071606
1787	.071645
1788	.071683
1789	.071722
1790	.07176
1791	.071798
1792	.071837
1793	.071797
1794	.071757
1795	.071717
1796	.071677
1797	.071637
1798	.071597
1799	.071713
1800	.071829
1801	.071945
1802	.072061
1803	.072177
1804	.072292
1805	.072408
1806	.072252
1807	.072095
1808	.071939
1809	.071782
1810	.071626
1811	.071659
1812	.071692
1813	.071725
1814	.071758
1815	.071791
1816	.071824
1817	.071857
1818	.071891
1819	.071941
1820	.071991
1821	.072042
1822	.072092
1823	.072142
1824	.072193
1825	.072383
1826	.072574
1827	.072765
1828	.072955
1829	.073146
1830	.073336
1831	.073527
1832	.073869
1833	.074211
1834	.074553
1835	.074894
1836	.075236
1837	.075578
1838	.07592
1839	.076336
1840	.076751
1841	.077166
1842	.077582
1843	.077997
1844	.078412
1845	.078828
1846	.080201
1847	.081574
1848	.082947
1849	.08432
1850	.085694
1851	.087067
1852	.088499
1853	.089932
1854	.091365
1855	.092798
1856	.09423
1857	.095663
1858	.097096
1859	.098528
1860	.099961
1861	.10462
1862	.10929
1863	.11396
1864	.11863
1865	.12329
1866	.12975
1867	.13621
1868	.14267
1869	.14913
1870	.15558
1871	.16204
1872	.1685
1873	.17992
1874	.19133
1875	.20275
1876	.21417
1877	.22558
1878	.237
1879	.24841
1880	.26044
1881	.27246
1882	.28449
1883	.29651
1884	.30853
1885	.32056
1886	.33258
1887	.34461
1888	.35663
1889	.36865
1890	.38068
1891	.42819
1892	.4757
1893	.52321
1894	.57072
1895	.59922
1896	.62772
1897	.65622
1898	.68473
1899	.71323
1900	.74173
1901	.77023
1902	.79116
1903	.81209
1904	.83303
1905	.85396
1906	.87489
1907	.89583
1908	.91676
1909	.92418
1910	.9316
1911	.93901
1912	.94643
1913	.95385
1914	.96127
1915	.96869
1916	.97611
1917	.98352
1918	.99094
1919	.99836
1920	1.0057
1921	1.0214
1922	1.037
1923	1.0527
1924	1.055
1925	1.0574
1926	1.0597
1927	1.0621
1928	1.0645
1929	1.0668
1930	1.0692
1931	1.0679
1932	1.0665
1933	1.0652
1934	1.0638
1935	1.0625
1936	1.0611
1937	1.0598
1938	1.0584
1939	1.0571
1940	1.0557
1941	1.0487
1942	1.0417
1943	1.0346
1944	1.0276
1945	1.0205
1946	1.0137
1947	1.0069
1948	1.0001
1949	.99333
1950	.98652
1951	.97971
1952	.97289
1953	.96608
1954	.95699
1955	.94791
1956	.93882
1957	.92973
1958	.92064
1959	.91155
1960	.90247
1961	.89452
1962	.88657
1963	.87862
1964	.87067
1965	.86272
1966	.85477
1967	.84683
1968	.83888
1969	.83099
1970	.82311
1971	.81522
1972	.80734
1973	.79946
1974	.79157
1975	.78369
1976	.7758
1977	.76798
1978	.76016
1979	.75234
1980	.74452
1981	.7367
1982	.72888
1983	.72106
1984	.71324
1985	.7061
1986	.69896
1987	.69181
1988	.68467
1989	.67753
1990	.67039
1991	.66325
1992	.65611
1993	.64964
1994	.64317
1995	.6367
1996	.63023
1997	.62376
1998	.61729
1999	.61082
2000	.60435
2001	.59793
2002	.59151
2003	.5851
2004	.57868
2005	.57226
2006	.56584
2007	.55942
2008	.553
2009	.54785
2010	.54271
2011	.53756
2012	.53241
2013	.52726
2014	.52211
2015	.51696
2016	.51181
2017	.50664
2018	.50148
2019	.49631
2020	.49114
2021	.48597
2022	.4808
2023	.47563
2024	.47046
2025	.46582
2026	.46117
2027	.45653
2028	.45189
2029	.44724
2030	.4426
2031	.43795
2032	.43331
2033	.42918
2034	.42505
2035	.42093
2036	.4168
2037	.41268
2038	.40855
2039	.40442
2040	.4003
2041	.39753
2042	.39477
2043	.392
2044	.38923
2045	.38647
2046	.3837
2047	.38094
2048	.37817
2049	.37541
2050	.37264
2051	.36854
2052	.36445
2053	.36035
2054	.35625
2055	.35216
2056	.34806
2057	.34396
2058	.34089
2059	.33781
2060	.33474
2061	.33167
2062	.32859
2063	.32552
2064	.32245
2065	.31937
2066	.3163
2067	.31348
2068	.31067
2069	.30785
2070	.30503
2071	.30221
2072	.2994
2073	.29658
2074	.29376
2075	.29152
2076	.28928
2077	.28705
2078	.28481
2079	.28257
2080	.28033
2081	.2781
2082	.27586
2083	.27362
2084	.27156
2085	.2695
2086	.26743
2087	.26537
2088	.26331
2089	.26125
2090	.25919
2091	.25712
2092	.25506
2093	.25126
2094	.24745
2095	.24364
2096	.23984
2097	.23603
2098	.23222
2099	.22842
2100	.22461
2101	.22597
2102	.22732
2103	.22868
2104	.23004
2105	.2314
2106	.23275
2107	.23411
2108	.23547
2109	.23682
2110	.23818
2111	.23474
2112	.23129
2113	.22785
2114	.22441
2115	.22097
2116	.21752
2117	.21408
2118	.21064
2119	.20941
2120	.20818
2121	.20695
2122	.20572
2123	.2045
2124	.20327
2125	.20204
2126	.20081
2127	.19958
2128	.19852
2129	.19745
2130	.19639
2131	.19532
2132	.19426
2133	.19319
2134	.19213
2135	.19107
2136	.19
2137	.18905
2138	.18809
2139	.18714
2140	.18618
2141	.18523
2142	.18428
2143	.18332
2144	.18237
2145	.18141
2146	.18074
2147	.18006
2148	.17938
2149	.17871
2150	.17803
2151	.17735
2152	.17668
2153	.176
2154	.17532
2155	.17464
2156	.17406
2157	.17347
2158	.17289
2159	.1723
2160	.17172
2161	.17113
2162	.17055
2163	.16996
2164	.16938
2165	.16885
2166	.16832
2167	.16779
2168	.16726
2169	.16673
2170	.1662
2171	.16567
2172	.16514
2173	.16461
2174	.16431
2175	.164
2176	.1637
2177	.1634
2178	.1631
2179	.1628
2180	.1625
2181	.1622
2182	.1619
2183	.1616
2184	.1613
2185	.16101
2186	.16071
2187	.16041
2188	.16011
2189	.15981
2190	.15952
2191	.15922
2192	.15892
2193	.15862
2194	.1585
2195	.15838
2196	.15826
2197	.15814
2198	.15802
2199	.15789
2200	.15777
2201	.15765
2202	.15753
2203	.15746
2204	.15739
2205	.15732
2206	.15724
2207	.15717
2208	.1571
2209	.15703
2210	.15696
2211	.15689
2212	.15682
2213	.15688
2214	.15694
2215	.157
2216	.15707
2217	.15713
2218	.15719
2219	.15725
2220	.15731
2221	.15738
2222	.15744
2223	.15763
2224	.15783
2225	.15802
2226	.15821
2227	.15841
2228	.1586
2229	.15879
2230	.15899
2231	.15918
2232	.15937
2233	.15965
2234	.15993
2235	.16021
2236	.16049
2237	.16077
2238	.16105
2239	.16133
2240	.16161
2241	.16189
2242	.16217
2243	.16253
2244	.1629
2245	.16326
2246	.16363
2247	.16399
2248	.16436
2249	.16472
2250	.16508
2251	.16545
2252	.16581
2253	.16639
2254	.16697
2255	.16755
2256	.16813
2257	.1687
2258	.16928
2259	.16986
2260	.17044
2261	.17102
2262	.1716
2263	.17226
2264	.17292
2265	.17358
2266	.17424
2267	.1749
2268	.17556
2269	.17621
2270	.17687
2271	.17753
2272	.17819
2273	.17898
2274	.17976
2275	.18054
2276	.18133
2277	.18211
2278	.18289
2279	.18367
2280	.18446
2281	.18524
2282	.18602
2283	.18681
2284	.18784
2285	.18887
2286	.1899
2287	.19094
2288	.19197
2289	.193
2290	.19403
2291	.19507
2292	.1961
2293	.19713
2294	.19817
2295	.19921
2296	.20025
2297	.20129
2298	.20233
2299	.20337
2300	.20441
2301	.20544
2302	.20648
2303	.20752
2304	.20856
2305	.20996
2306	.21135
2307	.21275
2308	.21415
2309	.21554
2310	.21694
2311	.21833
2312	.21973
2313	.22113
2314	.22252
2315	.22396
2316	.22541
2317	.22685
2318	.22829
2319	.22973
2320	.23117
2321	.23261
2322	.23405
2323	.23549
2324	.23694
2325	.23838
2326	.23992
2327	.24146
2328	.243
2329	.24455
2330	.24609
2331	.24763
2332	.24917
2333	.25072
2334	.25226
2335	.2538
2336	.25534
2337	.25782
2338	.2603
2339	.26278
2340	.26526
2341	.26774
2342	.27022
2343	.2727
2344	.27518
2345	.27766
2346	.28014
2347	.28262
2348	.28386
2349	.28511
2350	.28635
2351	.28759
2352	.28884
2353	.29008
2354	.29133
2355	.29257
2356	.29381
2357	.29506
2358	.2963
2359	.2984
2360	.3005
2361	.3026
2362	.3047
2363	.3068
2364	.3089
2365	.311
2366	.3131
2367	.3152
2368	.3173
2369	.3194
2370	.3215
2371	.3236
2372	.3257
2373	.32781
2374	.32991
2375	.33201
2376	.33411
2377	.33621
2378	.33831
2379	.34042
2380	.34252
2381	.34462
2382	.34709
2383	.34956
2384	.35203
2385	.3545
2386	.35697
2387	.35944
2388	.36191
2389	.36438
2390	.36685
2391	.36932
2392	.37179
2393	.37457
2394	.37736
2395	.38014
2396	.38292
2397	.3857
2398	.38848
2399	.39127
2400	.39405
2401	.39683
2402	.39961
2403	.4024
2404	.40514
2405	.40789
2406	.41064
2407	.41339
2408	.41614
2409	.41889
2410	.42164
2411	.42439
2412	.42714
2413	.42989
2414	.43264
2415	.43539
2416	.43858
2417	.44178
2418	.44497
2419	.44817
2420	.45136
2421	.45456
2422	.45775
2423	.46095
2424	.46414
2425	.46734
2426	.47053
2427	.47373
2428	.47689
2429	.48005
2430	.48322
2431	.48638
2432	.48954
2433	.49271
2434	.49587
2435	.49903
2436	.5022
2437	.50536
2438	.50852
2439	.51169
2440	.51582
2441	.51996
2442	.52409
2443	.52823
2444	.53236
2445	.5365
2446	.54063
2447	.54477
2448	.5489
2449	.55303
2450	.55717
2451	.5613
2452	.5664
2453	.57149
2454	.57658
2455	.58167
2456	.58676
2457	.59185
2458	.59695
2459	.60204
2460	.60713
2461	.61222
2462	.61731
2463	.62241
2464	.62712
2465	.63183
2466	.63654
2467	.64125
2468	.64596
2469	.65068
2470	.65539
2471	.6601
2472	.66481
2473	.66952
2474	.67423
2475	.67895
2476	.68394
2477	.68894
2478	.69393
2479	.69893
2480	.70392
2481	.70892
2482	.71391
2483	.71891
2484	.7239
2485	.7289
2486	.73389
2487	.73889
2488	.74253
2489	.74616
2490	.7498
2491	.75343
2492	.75707
2493	.7607
2494	.76434
2495	.76797
2496	.77161
2497	.77524
2498	.77888
2499	.78251
2500	.78615